1 7 Ужас_Аркхэма_Карточная_Игра 2990 10
2 10 Oathsworn_Верные_клятве_Тайны_Темнолесья 19990 2
3 10 Непостижимое 6990 5
4 10 Взлом 12990 3
5 10 Взлом_Эреб 5990 3
6 1 Дюна_Война_за_Арракис 14990 1
7 1 Пути_славы 5490 2
8 1 Warhammer_400000_Leviathan 26990 1
9 2 Эверделл 6990 14
10 3 Изнанка 4990 21
11 3 Каркассон 1990 34
12 4 Бэнг! 1290 37
12 4 Цитадели_Классика 1290 27
13 5 Объяснярий 490 67
14 6 Берсерк_Путь_хранителей_Дисплей_бустеров 2990 8
15 6 Берсерк_Война_стихий_Бустер 150 103
16 7 Время_приключений_Карточные_войны_Финн_против_Джейка 1290 4
17 7 Ужас_Аркхэма_Карточная_игра_Йольский_бал 990 16
18 9 Городской_убийца 2490 15
19 9 Элементарно!_Последний_шанс 450 56
20 8 Dungeons_&_Dragons_Стартовый_Набор 3490 7
